0000000000000000000
0000000000000000000
0000010000000000000
0000000000000000000
0000000000000000000
0000000000000000000
0000000010000000000
0000000000000000000
0000000000000000000
0000000000020001000
0000000000000000000
0000000000000000000
0000000010000000000
0000000000000000000
0000010000000000000
0000000000000000000
0000000000000000000
0000000000000000000
0000000000000000000
0000010000000000000
0000000000000000000
0000000000000000000
0000000000000000000
0000000010000000000
0000000000000000000
0000000000000000000
0000000000020001000
0000000000000000000
0000000000000000000
0000000010000000000
0000000000000000000
0000010000000000000
0000000000000000000
0000000000000000000
side_lenght:3